{
 "cells": [
  {
   "cell_type": "code",
   "execution_count": 1,
   "id": "e9fb0f12",
   "metadata": {},
   "outputs": [],
   "source": [
    "import pandas as pd\n",
    "import numpy as np\n",
    "from sklearn import preprocessing\n",
    "from sklearn.model_selection import train_test_split\n",
    "from sklearn.linear_model import LinearRegression, Ridge, Lasso, ElasticNet\n",
    "from sklearn.tree import DecisionTreeRegressor\n",
    "import matplotlib.pyplot as plt\n",
    "import seaborn as sns"
   ]
  },
  {
   "cell_type": "markdown",
   "id": "ecad8fd9",
   "metadata": {},
   "source": [
    "### 1. Download the housing dataset referenced in the textbook on page 279\n",
    "\n",
    "### Attribute Information\n",
    "1. CRIM:      per capita crime rate by town\n",
    "2. ZN:        proportion of residential land zoned for lots over 25,000 sq.ft.\n",
    "3. INDUS:     proportion of non-retail business acres per town\n",
    "4. CHAS:      Charles River dummy variable (= 1 if tract bounds river; 0 otherwise)\n",
    "5. NOX:       nitric oxides concentration (parts per 10 million)\n",
    "6. RM:        average number of rooms per dwelling\n",
    "7. AGE:       proportion of owner-occupied units built prior to 1940\n",
    "8. DIS:       weighted distances to five Boston employment centres\n",
    "9. RAD:       index of accessibility to radial highways\n",
    "10. TAX:      full-value property-tax rate per \\$10,000\n",
    "11. PTRATIO:  pupil-teacher ratio by town\n",
    "12. B:        1000(Bk - 0.63)^2 where Bk is the proportion of blacks by town\n",
    "13. LSTAT:    % lower status of the population\n",
    "14. MEDV:     Median value of owner-occupied homes in $1000's"
   ]
  },
  {
   "cell_type": "code",
   "execution_count": 2,
   "id": "232fa63e",
   "metadata": {},
   "outputs": [
    {
     "data": {
      "text/html": [
       "<div>\n",
       "<style scoped>\n",
       "    .dataframe tbody tr th:only-of-type {\n",
       "        vertical-align: middle;\n",
       "    }\n",
       "\n",
       "    .dataframe tbody tr th {\n",
       "        vertical-align: top;\n",
       "    }\n",
       "\n",
       "    .dataframe thead th {\n",
       "        text-align: right;\n",
       "    }\n",
       "</style>\n",
       "<table border=\"1\" class=\"dataframe\">\n",
       "  <thead>\n",
       "    <tr style=\"text-align: right;\">\n",
       "      <th></th>\n",
       "      <th>CRIM</th>\n",
       "      <th>ZN</th>\n",
       "      <th>INDUS</th>\n",
       "      <th>CHAS</th>\n",
       "      <th>NOX</th>\n",
       "      <th>RM</th>\n",
       "      <th>AGE</th>\n",
       "      <th>DIS</th>\n",
       "      <th>RAD</th>\n",
       "      <th>TAX</th>\n",
       "      <th>PTRATIO</th>\n",
       "      <th>B</th>\n",
       "      <th>LSTAT</th>\n",
       "      <th>MEDV</th>\n",
       "    </tr>\n",
       "  </thead>\n",
       "  <tbody>\n",
       "    <tr>\n",
       "      <th>0</th>\n",
       "      <td>0.00632</td>\n",
       "      <td>18.0</td>\n",
       "      <td>2.31</td>\n",
       "      <td>0</td>\n",
       "      <td>0.538</td>\n",
       "      <td>6.575</td>\n",
       "      <td>65.2</td>\n",
       "      <td>4.0900</td>\n",
       "      <td>1</td>\n",
       "      <td>296.0</td>\n",
       "      <td>15.3</td>\n",
       "      <td>396.90</td>\n",
       "      <td>4.98</td>\n",
       "      <td>24.0</td>\n",
       "    </tr>\n",
       "    <tr>\n",
       "      <th>1</th>\n",
       "      <td>0.02731</td>\n",
       "      <td>0.0</td>\n",
       "      <td>7.07</td>\n",
       "      <td>0</td>\n",
       "      <td>0.469</td>\n",
       "      <td>6.421</td>\n",
       "      <td>78.9</td>\n",
       "      <td>4.9671</td>\n",
       "      <td>2</td>\n",
       "      <td>242.0</td>\n",
       "      <td>17.8</td>\n",
       "      <td>396.90</td>\n",
       "      <td>9.14</td>\n",
       "      <td>21.6</td>\n",
       "    </tr>\n",
       "    <tr>\n",
       "      <th>2</th>\n",
       "      <td>0.02729</td>\n",
       "      <td>0.0</td>\n",
       "      <td>7.07</td>\n",
       "      <td>0</td>\n",
       "      <td>0.469</td>\n",
       "      <td>7.185</td>\n",
       "      <td>61.1</td>\n",
       "      <td>4.9671</td>\n",
       "      <td>2</td>\n",
       "      <td>242.0</td>\n",
       "      <td>17.8</td>\n",
       "      <td>392.83</td>\n",
       "      <td>4.03</td>\n",
       "      <td>34.7</td>\n",
       "    </tr>\n",
       "    <tr>\n",
       "      <th>3</th>\n",
       "      <td>0.03237</td>\n",
       "      <td>0.0</td>\n",
       "      <td>2.18</td>\n",
       "      <td>0</td>\n",
       "      <td>0.458</td>\n",
       "      <td>6.998</td>\n",
       "      <td>45.8</td>\n",
       "      <td>6.0622</td>\n",
       "      <td>3</td>\n",
       "      <td>222.0</td>\n",
       "      <td>18.7</td>\n",
       "      <td>394.63</td>\n",
       "      <td>2.94</td>\n",
       "      <td>33.4</td>\n",
       "    </tr>\n",
       "    <tr>\n",
       "      <th>4</th>\n",
       "      <td>0.06905</td>\n",
       "      <td>0.0</td>\n",
       "      <td>2.18</td>\n",
       "      <td>0</td>\n",
       "      <td>0.458</td>\n",
       "      <td>7.147</td>\n",
       "      <td>54.2</td>\n",
       "      <td>6.0622</td>\n",
       "      <td>3</td>\n",
       "      <td>222.0</td>\n",
       "      <td>18.7</td>\n",
       "      <td>396.90</td>\n",
       "      <td>5.33</td>\n",
       "      <td>36.2</td>\n",
       "    </tr>\n",
       "    <tr>\n",
       "      <th>...</th>\n",
       "      <td>...</td>\n",
       "      <td>...</td>\n",
       "      <td>...</td>\n",
       "      <td>...</td>\n",
       "      <td>...</td>\n",
       "      <td>...</td>\n",
       "      <td>...</td>\n",
       "      <td>...</td>\n",
       "      <td>...</td>\n",
       "      <td>...</td>\n",
       "      <td>...</td>\n",
       "      <td>...</td>\n",
       "      <td>...</td>\n",
       "      <td>...</td>\n",
       "    </tr>\n",
       "    <tr>\n",
       "      <th>501</th>\n",
       "      <td>0.06263</td>\n",
       "      <td>0.0</td>\n",
       "      <td>11.93</td>\n",
       "      <td>0</td>\n",
       "      <td>0.573</td>\n",
       "      <td>6.593</td>\n",
       "      <td>69.1</td>\n",
       "      <td>2.4786</td>\n",
       "      <td>1</td>\n",
       "      <td>273.0</td>\n",
       "      <td>21.0</td>\n",
       "      <td>391.99</td>\n",
       "      <td>9.67</td>\n",
       "      <td>22.4</td>\n",
       "    </tr>\n",
       "    <tr>\n",
       "      <th>502</th>\n",
       "      <td>0.04527</td>\n",
       "      <td>0.0</td>\n",
       "      <td>11.93</td>\n",
       "      <td>0</td>\n",
       "      <td>0.573</td>\n",
       "      <td>6.120</td>\n",
       "      <td>76.7</td>\n",
       "      <td>2.2875</td>\n",
       "      <td>1</td>\n",
       "      <td>273.0</td>\n",
       "      <td>21.0</td>\n",
       "      <td>396.90</td>\n",
       "      <td>9.08</td>\n",
       "      <td>20.6</td>\n",
       "    </tr>\n",
       "    <tr>\n",
       "      <th>503</th>\n",
       "      <td>0.06076</td>\n",
       "      <td>0.0</td>\n",
       "      <td>11.93</td>\n",
       "      <td>0</td>\n",
       "      <td>0.573</td>\n",
       "      <td>6.976</td>\n",
       "      <td>91.0</td>\n",
       "      <td>2.1675</td>\n",
       "      <td>1</td>\n",
       "      <td>273.0</td>\n",
       "      <td>21.0</td>\n",
       "      <td>396.90</td>\n",
       "      <td>5.64</td>\n",
       "      <td>23.9</td>\n",
       "    </tr>\n",
       "    <tr>\n",
       "      <th>504</th>\n",
       "      <td>0.10959</td>\n",
       "      <td>0.0</td>\n",
       "      <td>11.93</td>\n",
       "      <td>0</td>\n",
       "      <td>0.573</td>\n",
       "      <td>6.794</td>\n",
       "      <td>89.3</td>\n",
       "      <td>2.3889</td>\n",
       "      <td>1</td>\n",
       "      <td>273.0</td>\n",
       "      <td>21.0</td>\n",
       "      <td>393.45</td>\n",
       "      <td>6.48</td>\n",
       "      <td>22.0</td>\n",
       "    </tr>\n",
       "    <tr>\n",
       "      <th>505</th>\n",
       "      <td>0.04741</td>\n",
       "      <td>0.0</td>\n",
       "      <td>11.93</td>\n",
       "      <td>0</td>\n",
       "      <td>0.573</td>\n",
       "      <td>6.030</td>\n",
       "      <td>80.8</td>\n",
       "      <td>2.5050</td>\n",
       "      <td>1</td>\n",
       "      <td>273.0</td>\n",
       "      <td>21.0</td>\n",
       "      <td>396.90</td>\n",
       "      <td>7.88</td>\n",
       "      <td>11.9</td>\n",
       "    </tr>\n",
       "  </tbody>\n",
       "</table>\n",
       "<p>506 rows × 14 columns</p>\n",
       "</div>"
      ],
      "text/plain": [
       "        CRIM    ZN  INDUS  CHAS    NOX     RM   AGE     DIS  RAD    TAX  \\\n",
       "0    0.00632  18.0   2.31     0  0.538  6.575  65.2  4.0900    1  296.0   \n",
       "1    0.02731   0.0   7.07     0  0.469  6.421  78.9  4.9671    2  242.0   \n",
       "2    0.02729   0.0   7.07     0  0.469  7.185  61.1  4.9671    2  242.0   \n",
       "3    0.03237   0.0   2.18     0  0.458  6.998  45.8  6.0622    3  222.0   \n",
       "4    0.06905   0.0   2.18     0  0.458  7.147  54.2  6.0622    3  222.0   \n",
       "..       ...   ...    ...   ...    ...    ...   ...     ...  ...    ...   \n",
       "501  0.06263   0.0  11.93     0  0.573  6.593  69.1  2.4786    1  273.0   \n",
       "502  0.04527   0.0  11.93     0  0.573  6.120  76.7  2.2875    1  273.0   \n",
       "503  0.06076   0.0  11.93     0  0.573  6.976  91.0  2.1675    1  273.0   \n",
       "504  0.10959   0.0  11.93     0  0.573  6.794  89.3  2.3889    1  273.0   \n",
       "505  0.04741   0.0  11.93     0  0.573  6.030  80.8  2.5050    1  273.0   \n",
       "\n",
       "     PTRATIO       B  LSTAT  MEDV  \n",
       "0       15.3  396.90   4.98  24.0  \n",
       "1       17.8  396.90   9.14  21.6  \n",
       "2       17.8  392.83   4.03  34.7  \n",
       "3       18.7  394.63   2.94  33.4  \n",
       "4       18.7  396.90   5.33  36.2  \n",
       "..       ...     ...    ...   ...  \n",
       "501     21.0  391.99   9.67  22.4  \n",
       "502     21.0  396.90   9.08  20.6  \n",
       "503     21.0  396.90   5.64  23.9  \n",
       "504     21.0  393.45   6.48  22.0  \n",
       "505     21.0  396.90   7.88  11.9  \n",
       "\n",
       "[506 rows x 14 columns]"
      ]
     },
     "execution_count": 2,
     "metadata": {},
     "output_type": "execute_result"
    }
   ],
   "source": [
    "# Load data into a dataframe named \"df_raw\"\n",
    "df_raw = pd.read_csv('housing.data', header=None, delim_whitespace=True)\n",
    "\n",
    "headers = [\"CRIM\", \"ZN\", \"INDUS\", \"CHAS\", \"NOX\", \"RM\", \"AGE\", \"DIS\", \"RAD\", \"TAX\", \"PTRATIO\", \"B\", \"LSTAT\", \"MEDV\"]\n",
    "df_raw.columns = headers\n",
    "df_raw"
   ]
  },
  {
   "cell_type": "code",
   "execution_count": 3,
   "id": "31f60b5f",
   "metadata": {},
   "outputs": [
    {
     "data": {
      "text/html": [
       "<div>\n",
       "<style scoped>\n",
       "    .dataframe tbody tr th:only-of-type {\n",
       "        vertical-align: middle;\n",
       "    }\n",
       "\n",
       "    .dataframe tbody tr th {\n",
       "        vertical-align: top;\n",
       "    }\n",
       "\n",
       "    .dataframe thead th {\n",
       "        text-align: right;\n",
       "    }\n",
       "</style>\n",
       "<table border=\"1\" class=\"dataframe\">\n",
       "  <thead>\n",
       "    <tr style=\"text-align: right;\">\n",
       "      <th></th>\n",
       "      <th>CRIM</th>\n",
       "      <th>ZN</th>\n",
       "      <th>INDUS</th>\n",
       "      <th>CHAS</th>\n",
       "      <th>NOX</th>\n",
       "      <th>RM</th>\n",
       "      <th>AGE</th>\n",
       "      <th>DIS</th>\n",
       "      <th>RAD</th>\n",
       "      <th>TAX</th>\n",
       "      <th>PTRATIO</th>\n",
       "      <th>B</th>\n",
       "      <th>LSTAT</th>\n",
       "      <th>MEDV</th>\n",
       "    </tr>\n",
       "  </thead>\n",
       "  <tbody>\n",
       "    <tr>\n",
       "      <th>39</th>\n",
       "      <td>-0.417302</td>\n",
       "      <td>2.731245</td>\n",
       "      <td>-1.194528</td>\n",
       "      <td>-0.272599</td>\n",
       "      <td>-1.094434</td>\n",
       "      <td>0.442165</td>\n",
       "      <td>-1.663342</td>\n",
       "      <td>0.763470</td>\n",
       "      <td>-0.752922</td>\n",
       "      <td>-0.927937</td>\n",
       "      <td>-0.071913</td>\n",
       "      <td>0.427127</td>\n",
       "      <td>-1.168077</td>\n",
       "      <td>0.899781</td>\n",
       "    </tr>\n",
       "    <tr>\n",
       "      <th>281</th>\n",
       "      <td>-0.416206</td>\n",
       "      <td>0.370669</td>\n",
       "      <td>-1.139082</td>\n",
       "      <td>-0.272599</td>\n",
       "      <td>-0.965723</td>\n",
       "      <td>0.973563</td>\n",
       "      <td>-1.115709</td>\n",
       "      <td>0.689122</td>\n",
       "      <td>-0.523001</td>\n",
       "      <td>-1.141751</td>\n",
       "      <td>-1.643945</td>\n",
       "      <td>0.389848</td>\n",
       "      <td>-1.130230</td>\n",
       "      <td>1.400433</td>\n",
       "    </tr>\n",
       "    <tr>\n",
       "      <th>378</th>\n",
       "      <td>2.331500</td>\n",
       "      <td>-0.487722</td>\n",
       "      <td>1.015999</td>\n",
       "      <td>-0.272599</td>\n",
       "      <td>1.004680</td>\n",
       "      <td>0.135863</td>\n",
       "      <td>0.982364</td>\n",
       "      <td>-1.145137</td>\n",
       "      <td>1.661245</td>\n",
       "      <td>1.530926</td>\n",
       "      <td>0.806576</td>\n",
       "      <td>0.441052</td>\n",
       "      <td>1.547089</td>\n",
       "      <td>-1.026643</td>\n",
       "    </tr>\n",
       "    <tr>\n",
       "      <th>270</th>\n",
       "      <td>-0.385703</td>\n",
       "      <td>0.370669</td>\n",
       "      <td>-0.609431</td>\n",
       "      <td>-0.272599</td>\n",
       "      <td>-0.783454</td>\n",
       "      <td>-0.610658</td>\n",
       "      <td>-0.941463</td>\n",
       "      <td>0.301364</td>\n",
       "      <td>-0.752922</td>\n",
       "      <td>-1.100176</td>\n",
       "      <td>0.066796</td>\n",
       "      <td>0.350596</td>\n",
       "      <td>0.048631</td>\n",
       "      <td>-0.155943</td>\n",
       "    </tr>\n",
       "    <tr>\n",
       "      <th>231</th>\n",
       "      <td>-0.366641</td>\n",
       "      <td>-0.487722</td>\n",
       "      <td>-0.720322</td>\n",
       "      <td>-0.272599</td>\n",
       "      <td>-0.437921</td>\n",
       "      <td>1.606111</td>\n",
       "      <td>0.296045</td>\n",
       "      <td>-0.058728</td>\n",
       "      <td>-0.178120</td>\n",
       "      <td>-0.601276</td>\n",
       "      <td>-0.488039</td>\n",
       "      <td>0.213432</td>\n",
       "      <td>-1.037715</td>\n",
       "      <td>0.997734</td>\n",
       "    </tr>\n",
       "    <tr>\n",
       "      <th>36</th>\n",
       "      <td>-0.409178</td>\n",
       "      <td>-0.487722</td>\n",
       "      <td>-0.755340</td>\n",
       "      <td>-0.272599</td>\n",
       "      <td>-0.481112</td>\n",
       "      <td>-0.632028</td>\n",
       "      <td>-0.255144</td>\n",
       "      <td>-0.198297</td>\n",
       "      <td>-0.523001</td>\n",
       "      <td>-0.767576</td>\n",
       "      <td>0.344213</td>\n",
       "      <td>0.229001</td>\n",
       "      <td>-0.174245</td>\n",
       "      <td>-0.275664</td>\n",
       "    </tr>\n",
       "    <tr>\n",
       "      <th>274</th>\n",
       "      <td>-0.413949</td>\n",
       "      <td>1.229060</td>\n",
       "      <td>-0.689681</td>\n",
       "      <td>3.668398</td>\n",
       "      <td>-0.930305</td>\n",
       "      <td>0.674384</td>\n",
       "      <td>-1.268620</td>\n",
       "      <td>0.134319</td>\n",
       "      <td>-0.637962</td>\n",
       "      <td>-0.916058</td>\n",
       "      <td>-0.395567</td>\n",
       "      <td>0.441052</td>\n",
       "      <td>-1.278814</td>\n",
       "      <td>1.073920</td>\n",
       "    </tr>\n",
       "    <tr>\n",
       "      <th>45</th>\n",
       "      <td>-0.400569</td>\n",
       "      <td>-0.487722</td>\n",
       "      <td>-0.616727</td>\n",
       "      <td>-0.272599</td>\n",
       "      <td>-0.921667</td>\n",
       "      <td>-0.858548</td>\n",
       "      <td>-1.236615</td>\n",
       "      <td>0.620527</td>\n",
       "      <td>-0.752922</td>\n",
       "      <td>-1.040783</td>\n",
       "      <td>-0.256858</td>\n",
       "      <td>0.441052</td>\n",
       "      <td>-0.342453</td>\n",
       "      <td>-0.351850</td>\n",
       "    </tr>\n",
       "    <tr>\n",
       "      <th>456</th>\n",
       "      <td>0.122809</td>\n",
       "      <td>-0.487722</td>\n",
       "      <td>1.015999</td>\n",
       "      <td>-0.272599</td>\n",
       "      <td>1.367490</td>\n",
       "      <td>-0.439699</td>\n",
       "      <td>0.687212</td>\n",
       "      <td>-0.577309</td>\n",
       "      <td>1.661245</td>\n",
       "      <td>1.530926</td>\n",
       "      <td>0.806576</td>\n",
       "      <td>-3.795795</td>\n",
       "      <td>0.891076</td>\n",
       "      <td>-1.070178</td>\n",
       "    </tr>\n",
       "    <tr>\n",
       "      <th>30</th>\n",
       "      <td>-0.288921</td>\n",
       "      <td>-0.487722</td>\n",
       "      <td>-0.437258</td>\n",
       "      <td>-0.272599</td>\n",
       "      <td>-0.144217</td>\n",
       "      <td>-0.814384</td>\n",
       "      <td>0.907687</td>\n",
       "      <td>0.208191</td>\n",
       "      <td>-0.637962</td>\n",
       "      <td>-0.601276</td>\n",
       "      <td>1.176466</td>\n",
       "      <td>0.038331</td>\n",
       "      <td>1.394300</td>\n",
       "      <td>-1.070178</td>\n",
       "    </tr>\n",
       "  </tbody>\n",
       "</table>\n",
       "</div>"
      ],
      "text/plain": [
       "         CRIM        ZN     INDUS      CHAS       NOX        RM       AGE  \\\n",
       "39  -0.417302  2.731245 -1.194528 -0.272599 -1.094434  0.442165 -1.663342   \n",
       "281 -0.416206  0.370669 -1.139082 -0.272599 -0.965723  0.973563 -1.115709   \n",
       "378  2.331500 -0.487722  1.015999 -0.272599  1.004680  0.135863  0.982364   \n",
       "270 -0.385703  0.370669 -0.609431 -0.272599 -0.783454 -0.610658 -0.941463   \n",
       "231 -0.366641 -0.487722 -0.720322 -0.272599 -0.437921  1.606111  0.296045   \n",
       "36  -0.409178 -0.487722 -0.755340 -0.272599 -0.481112 -0.632028 -0.255144   \n",
       "274 -0.413949  1.229060 -0.689681  3.668398 -0.930305  0.674384 -1.268620   \n",
       "45  -0.400569 -0.487722 -0.616727 -0.272599 -0.921667 -0.858548 -1.236615   \n",
       "456  0.122809 -0.487722  1.015999 -0.272599  1.367490 -0.439699  0.687212   \n",
       "30  -0.288921 -0.487722 -0.437258 -0.272599 -0.144217 -0.814384  0.907687   \n",
       "\n",
       "          DIS       RAD       TAX   PTRATIO         B     LSTAT      MEDV  \n",
       "39   0.763470 -0.752922 -0.927937 -0.071913  0.427127 -1.168077  0.899781  \n",
       "281  0.689122 -0.523001 -1.141751 -1.643945  0.389848 -1.130230  1.400433  \n",
       "378 -1.145137  1.661245  1.530926  0.806576  0.441052  1.547089 -1.026643  \n",
       "270  0.301364 -0.752922 -1.100176  0.066796  0.350596  0.048631 -0.155943  \n",
       "231 -0.058728 -0.178120 -0.601276 -0.488039  0.213432 -1.037715  0.997734  \n",
       "36  -0.198297 -0.523001 -0.767576  0.344213  0.229001 -0.174245 -0.275664  \n",
       "274  0.134319 -0.637962 -0.916058 -0.395567  0.441052 -1.278814  1.073920  \n",
       "45   0.620527 -0.752922 -1.040783 -0.256858  0.441052 -0.342453 -0.351850  \n",
       "456 -0.577309  1.661245  1.530926  0.806576 -3.795795  0.891076 -1.070178  \n",
       "30   0.208191 -0.637962 -0.601276  1.176466  0.038331  1.394300 -1.070178  "
      ]
     },
     "execution_count": 3,
     "metadata": {},
     "output_type": "execute_result"
    }
   ],
   "source": [
    "# Use StandardScaler to scale the data. Save the result as \"df\"\n",
    "scaler = preprocessing.StandardScaler().fit(df_raw)\n",
    "scaled_data = scaler.transform(df_raw)\n",
    "df = pd.DataFrame(data=scaled_data, columns=df_raw.columns)\n",
    "df.sample(n=10)"
   ]
  },
  {
   "cell_type": "markdown",
   "id": "09c4191c",
   "metadata": {},
   "source": [
    "### 2. Pick a number of features that you think may be correlated and plot pairs of them to confirm that they are correlated."
   ]
  },
  {
   "cell_type": "code",
   "execution_count": 4,
   "id": "06a3685b",
   "metadata": {},
   "outputs": [
    {
     "data": {
      "text/html": [
       "<div>\n",
       "<style scoped>\n",
       "    .dataframe tbody tr th:only-of-type {\n",
       "        vertical-align: middle;\n",
       "    }\n",
       "\n",
       "    .dataframe tbody tr th {\n",
       "        vertical-align: top;\n",
       "    }\n",
       "\n",
       "    .dataframe thead th {\n",
       "        text-align: right;\n",
       "    }\n",
       "</style>\n",
       "<table border=\"1\" class=\"dataframe\">\n",
       "  <thead>\n",
       "    <tr style=\"text-align: right;\">\n",
       "      <th></th>\n",
       "      <th>CRIM</th>\n",
       "      <th>ZN</th>\n",
       "      <th>INDUS</th>\n",
       "      <th>CHAS</th>\n",
       "      <th>NOX</th>\n",
       "      <th>RM</th>\n",
       "      <th>AGE</th>\n",
       "      <th>DIS</th>\n",
       "      <th>RAD</th>\n",
       "      <th>TAX</th>\n",
       "      <th>PTRATIO</th>\n",
       "      <th>B</th>\n",
       "      <th>LSTAT</th>\n",
       "      <th>MEDV</th>\n",
       "    </tr>\n",
       "  </thead>\n",
       "  <tbody>\n",
       "    <tr>\n",
       "      <th>CRIM</th>\n",
       "      <td>1.000000</td>\n",
       "      <td>-0.200469</td>\n",
       "      <td>0.406583</td>\n",
       "      <td>-0.055892</td>\n",
       "      <td>0.420972</td>\n",
       "      <td>-0.219247</td>\n",
       "      <td>0.352734</td>\n",
       "      <td>-0.379670</td>\n",
       "      <td>0.625505</td>\n",
       "      <td>0.582764</td>\n",
       "      <td>0.289946</td>\n",
       "      <td>-0.385064</td>\n",
       "      <td>0.455621</td>\n",
       "      <td>-0.388305</td>\n",
       "    </tr>\n",
       "    <tr>\n",
       "      <th>ZN</th>\n",
       "      <td>-0.200469</td>\n",
       "      <td>1.000000</td>\n",
       "      <td>-0.533828</td>\n",
       "      <td>-0.042697</td>\n",
       "      <td>-0.516604</td>\n",
       "      <td>0.311991</td>\n",
       "      <td>-0.569537</td>\n",
       "      <td>0.664408</td>\n",
       "      <td>-0.311948</td>\n",
       "      <td>-0.314563</td>\n",
       "      <td>-0.391679</td>\n",
       "      <td>0.175520</td>\n",
       "      <td>-0.412995</td>\n",
       "      <td>0.360445</td>\n",
       "    </tr>\n",
       "    <tr>\n",
       "      <th>INDUS</th>\n",
       "      <td>0.406583</td>\n",
       "      <td>-0.533828</td>\n",
       "      <td>1.000000</td>\n",
       "      <td>0.062938</td>\n",
       "      <td>0.763651</td>\n",
       "      <td>-0.391676</td>\n",
       "      <td>0.644779</td>\n",
       "      <td>-0.708027</td>\n",
       "      <td>0.595129</td>\n",
       "      <td>0.720760</td>\n",
       "      <td>0.383248</td>\n",
       "      <td>-0.356977</td>\n",
       "      <td>0.603800</td>\n",
       "      <td>-0.483725</td>\n",
       "    </tr>\n",
       "    <tr>\n",
       "      <th>CHAS</th>\n",
       "      <td>-0.055892</td>\n",
       "      <td>-0.042697</td>\n",
       "      <td>0.062938</td>\n",
       "      <td>1.000000</td>\n",
       "      <td>0.091203</td>\n",
       "      <td>0.091251</td>\n",
       "      <td>0.086518</td>\n",
       "      <td>-0.099176</td>\n",
       "      <td>-0.007368</td>\n",
       "      <td>-0.035587</td>\n",
       "      <td>-0.121515</td>\n",
       "      <td>0.048788</td>\n",
       "      <td>-0.053929</td>\n",
       "      <td>0.175260</td>\n",
       "    </tr>\n",
       "    <tr>\n",
       "      <th>NOX</th>\n",
       "      <td>0.420972</td>\n",
       "      <td>-0.516604</td>\n",
       "      <td>0.763651</td>\n",
       "      <td>0.091203</td>\n",
       "      <td>1.000000</td>\n",
       "      <td>-0.302188</td>\n",
       "      <td>0.731470</td>\n",
       "      <td>-0.769230</td>\n",
       "      <td>0.611441</td>\n",
       "      <td>0.668023</td>\n",
       "      <td>0.188933</td>\n",
       "      <td>-0.380051</td>\n",
       "      <td>0.590879</td>\n",
       "      <td>-0.427321</td>\n",
       "    </tr>\n",
       "    <tr>\n",
       "      <th>RM</th>\n",
       "      <td>-0.219247</td>\n",
       "      <td>0.311991</td>\n",
       "      <td>-0.391676</td>\n",
       "      <td>0.091251</td>\n",
       "      <td>-0.302188</td>\n",
       "      <td>1.000000</td>\n",
       "      <td>-0.240265</td>\n",
       "      <td>0.205246</td>\n",
       "      <td>-0.209847</td>\n",
       "      <td>-0.292048</td>\n",
       "      <td>-0.355501</td>\n",
       "      <td>0.128069</td>\n",
       "      <td>-0.613808</td>\n",
       "      <td>0.695360</td>\n",
       "    </tr>\n",
       "    <tr>\n",
       "      <th>AGE</th>\n",
       "      <td>0.352734</td>\n",
       "      <td>-0.569537</td>\n",
       "      <td>0.644779</td>\n",
       "      <td>0.086518</td>\n",
       "      <td>0.731470</td>\n",
       "      <td>-0.240265</td>\n",
       "      <td>1.000000</td>\n",
       "      <td>-0.747881</td>\n",
       "      <td>0.456022</td>\n",
       "      <td>0.506456</td>\n",
       "      <td>0.261515</td>\n",
       "      <td>-0.273534</td>\n",
       "      <td>0.602339</td>\n",
       "      <td>-0.376955</td>\n",
       "    </tr>\n",
       "    <tr>\n",
       "      <th>DIS</th>\n",
       "      <td>-0.379670</td>\n",
       "      <td>0.664408</td>\n",
       "      <td>-0.708027</td>\n",
       "      <td>-0.099176</td>\n",
       "      <td>-0.769230</td>\n",
       "      <td>0.205246</td>\n",
       "      <td>-0.747881</td>\n",
       "      <td>1.000000</td>\n",
       "      <td>-0.494588</td>\n",
       "      <td>-0.534432</td>\n",
       "      <td>-0.232471</td>\n",
       "      <td>0.291512</td>\n",
       "      <td>-0.496996</td>\n",
       "      <td>0.249929</td>\n",
       "    </tr>\n",
       "    <tr>\n",
       "      <th>RAD</th>\n",
       "      <td>0.625505</td>\n",
       "      <td>-0.311948</td>\n",
       "      <td>0.595129</td>\n",
       "      <td>-0.007368</td>\n",
       "      <td>0.611441</td>\n",
       "      <td>-0.209847</td>\n",
       "      <td>0.456022</td>\n",
       "      <td>-0.494588</td>\n",
       "      <td>1.000000</td>\n",
       "      <td>0.910228</td>\n",
       "      <td>0.464741</td>\n",
       "      <td>-0.444413</td>\n",
       "      <td>0.488676</td>\n",
       "      <td>-0.381626</td>\n",
       "    </tr>\n",
       "    <tr>\n",
       "      <th>TAX</th>\n",
       "      <td>0.582764</td>\n",
       "      <td>-0.314563</td>\n",
       "      <td>0.720760</td>\n",
       "      <td>-0.035587</td>\n",
       "      <td>0.668023</td>\n",
       "      <td>-0.292048</td>\n",
       "      <td>0.506456</td>\n",
       "      <td>-0.534432</td>\n",
       "      <td>0.910228</td>\n",
       "      <td>1.000000</td>\n",
       "      <td>0.460853</td>\n",
       "      <td>-0.441808</td>\n",
       "      <td>0.543993</td>\n",
       "      <td>-0.468536</td>\n",
       "    </tr>\n",
       "    <tr>\n",
       "      <th>PTRATIO</th>\n",
       "      <td>0.289946</td>\n",
       "      <td>-0.391679</td>\n",
       "      <td>0.383248</td>\n",
       "      <td>-0.121515</td>\n",
       "      <td>0.188933</td>\n",
       "      <td>-0.355501</td>\n",
       "      <td>0.261515</td>\n",
       "      <td>-0.232471</td>\n",
       "      <td>0.464741</td>\n",
       "      <td>0.460853</td>\n",
       "      <td>1.000000</td>\n",
       "      <td>-0.177383</td>\n",
       "      <td>0.374044</td>\n",
       "      <td>-0.507787</td>\n",
       "    </tr>\n",
       "    <tr>\n",
       "      <th>B</th>\n",
       "      <td>-0.385064</td>\n",
       "      <td>0.175520</td>\n",
       "      <td>-0.356977</td>\n",
       "      <td>0.048788</td>\n",
       "      <td>-0.380051</td>\n",
       "      <td>0.128069</td>\n",
       "      <td>-0.273534</td>\n",
       "      <td>0.291512</td>\n",
       "      <td>-0.444413</td>\n",
       "      <td>-0.441808</td>\n",
       "      <td>-0.177383</td>\n",
       "      <td>1.000000</td>\n",
       "      <td>-0.366087</td>\n",
       "      <td>0.333461</td>\n",
       "    </tr>\n",
       "    <tr>\n",
       "      <th>LSTAT</th>\n",
       "      <td>0.455621</td>\n",
       "      <td>-0.412995</td>\n",
       "      <td>0.603800</td>\n",
       "      <td>-0.053929</td>\n",
       "      <td>0.590879</td>\n",
       "      <td>-0.613808</td>\n",
       "      <td>0.602339</td>\n",
       "      <td>-0.496996</td>\n",
       "      <td>0.488676</td>\n",
       "      <td>0.543993</td>\n",
       "      <td>0.374044</td>\n",
       "      <td>-0.366087</td>\n",
       "      <td>1.000000</td>\n",
       "      <td>-0.737663</td>\n",
       "    </tr>\n",
       "    <tr>\n",
       "      <th>MEDV</th>\n",
       "      <td>-0.388305</td>\n",
       "      <td>0.360445</td>\n",
       "      <td>-0.483725</td>\n",
       "      <td>0.175260</td>\n",
       "      <td>-0.427321</td>\n",
       "      <td>0.695360</td>\n",
       "      <td>-0.376955</td>\n",
       "      <td>0.249929</td>\n",
       "      <td>-0.381626</td>\n",
       "      <td>-0.468536</td>\n",
       "      <td>-0.507787</td>\n",
       "      <td>0.333461</td>\n",
       "      <td>-0.737663</td>\n",
       "      <td>1.000000</td>\n",
       "    </tr>\n",
       "  </tbody>\n",
       "</table>\n",
       "</div>"
      ],
      "text/plain": [
       "             CRIM        ZN     INDUS      CHAS       NOX        RM       AGE  \\\n",
       "CRIM     1.000000 -0.200469  0.406583 -0.055892  0.420972 -0.219247  0.352734   \n",
       "ZN      -0.200469  1.000000 -0.533828 -0.042697 -0.516604  0.311991 -0.569537   \n",
       "INDUS    0.406583 -0.533828  1.000000  0.062938  0.763651 -0.391676  0.644779   \n",
       "CHAS    -0.055892 -0.042697  0.062938  1.000000  0.091203  0.091251  0.086518   \n",
       "NOX      0.420972 -0.516604  0.763651  0.091203  1.000000 -0.302188  0.731470   \n",
       "RM      -0.219247  0.311991 -0.391676  0.091251 -0.302188  1.000000 -0.240265   \n",
       "AGE      0.352734 -0.569537  0.644779  0.086518  0.731470 -0.240265  1.000000   \n",
       "DIS     -0.379670  0.664408 -0.708027 -0.099176 -0.769230  0.205246 -0.747881   \n",
       "RAD      0.625505 -0.311948  0.595129 -0.007368  0.611441 -0.209847  0.456022   \n",
       "TAX      0.582764 -0.314563  0.720760 -0.035587  0.668023 -0.292048  0.506456   \n",
       "PTRATIO  0.289946 -0.391679  0.383248 -0.121515  0.188933 -0.355501  0.261515   \n",
       "B       -0.385064  0.175520 -0.356977  0.048788 -0.380051  0.128069 -0.273534   \n",
       "LSTAT    0.455621 -0.412995  0.603800 -0.053929  0.590879 -0.613808  0.602339   \n",
       "MEDV    -0.388305  0.360445 -0.483725  0.175260 -0.427321  0.695360 -0.376955   \n",
       "\n",
       "              DIS       RAD       TAX   PTRATIO         B     LSTAT      MEDV  \n",
       "CRIM    -0.379670  0.625505  0.582764  0.289946 -0.385064  0.455621 -0.388305  \n",
       "ZN       0.664408 -0.311948 -0.314563 -0.391679  0.175520 -0.412995  0.360445  \n",
       "INDUS   -0.708027  0.595129  0.720760  0.383248 -0.356977  0.603800 -0.483725  \n",
       "CHAS    -0.099176 -0.007368 -0.035587 -0.121515  0.048788 -0.053929  0.175260  \n",
       "NOX     -0.769230  0.611441  0.668023  0.188933 -0.380051  0.590879 -0.427321  \n",
       "RM       0.205246 -0.209847 -0.292048 -0.355501  0.128069 -0.613808  0.695360  \n",
       "AGE     -0.747881  0.456022  0.506456  0.261515 -0.273534  0.602339 -0.376955  \n",
       "DIS      1.000000 -0.494588 -0.534432 -0.232471  0.291512 -0.496996  0.249929  \n",
       "RAD     -0.494588  1.000000  0.910228  0.464741 -0.444413  0.488676 -0.381626  \n",
       "TAX     -0.534432  0.910228  1.000000  0.460853 -0.441808  0.543993 -0.468536  \n",
       "PTRATIO -0.232471  0.464741  0.460853  1.000000 -0.177383  0.374044 -0.507787  \n",
       "B        0.291512 -0.444413 -0.441808 -0.177383  1.000000 -0.366087  0.333461  \n",
       "LSTAT   -0.496996  0.488676  0.543993  0.374044 -0.366087  1.000000 -0.737663  \n",
       "MEDV     0.249929 -0.381626 -0.468536 -0.507787  0.333461 -0.737663  1.000000  "
      ]
     },
     "execution_count": 4,
     "metadata": {},
     "output_type": "execute_result"
    }
   ],
   "source": [
    "# Print the correlation matrix for the dataset\n",
    "df_corr = df.corr()\n",
    "df_corr"
   ]
  },
  {
   "cell_type": "code",
   "execution_count": 5,
   "id": "72002ce5",
   "metadata": {},
   "outputs": [
    {
     "data": {
